99377    29/04/2024    6398790    92240876    18    6384129    15129661    21
15651    29/04/2024    4138812    83265244    98    8089991    37328103    18    1020150    14268463    45    5686936    37751890    36    4681316    21344013    33    5013661    17750908    91
32198    1/05/2024    3484892    37751890    67    2664763    54393647    49    5330235    45834351    61    4382187    21344013    86
78567    1/05/2024    6964049    72832218    93    3983816    92240876    68    3051762    20449598    40    5686936    27109544    65    9846839    37751890    72    1020150    14268463    99    8877975    33583840    71    3178415    49516360    44    4819495    37328103    4    2486634    65071478    6
15651    27/04/2024    1396683    38724322    54    3244691    37328103    37    9846839    81082011    29    5257766    69200503    70
32198    4/05/2024    3487258    46582367    20    6756935    47659552    25    5064095    34460612    3    6233432    57431952    83    2614915    76693511    14
15651    5/05/2024    8180415    72832218    33    9441814    11750801    32    2031288    42302422    65    8432628    17750908    50    9826915    37751890    60    9046798    21344013    77
99377    8/05/2024    1099278    49516360    84    4382187    51235238    67    5055846    60740809    99    9711590    14500753    61    5296253    14268463    39
99377    1/05/2024    3484892    72832218    26    5330235    45181396    44    2057527    33958767    91    6629089    37751890    30    4711164    83265244    60
32198    30/04/2024    2252922    54393647    97    6048143    57431952    81    2905443    57431952    40
99377    6/05/2024    4361256    45181396    24    8180415    92240876    55    4825351    87804471    67    2782849    27109544    58    3252757    92240876    72    4382187    69200503    16    8503142    37328103    30
99377    25/04/2024    5600764    60740809    4    9876838    81082011    14    6433360    47659552    80    4406546    14500753    31
78567    5/05/2024    4740186    36699613    19    3166954    42302422    59    9668271    15129661    81    8503142    87804471    41    6138059    45002711    91    6433360    85870289    66
99377    2/05/2024    6233432    60740809    79    4681316    14268463    75    8655566    81462164    65
99377    7/05/2024    9826915    92240876    71    9779259    60740809    86    6424830    87804471    16    2702657    81462164    11    4721228    83265244    62
78567    25/04/2024    3335718    69200503    19    5762738    51235238    12    3491734    11750801    72    8470721    32231860    57
78567    9/05/2024    2327760    69200503    67    5970131    37751890    28    5330235    14268463    5    2120664    35030611    5    3983816    37751890    80
83927    6/05/2024    4590786    14268463    54    6704155    57431952    2
83927    1/05/2024    6437769    14268463    49    9755984    67066631    32    7428959    92240876    19
15651    9/05/2024    9826915    72832218    86    8180415    45002711    47    6794639    88080249    31    7428959    47659552    96    8950019    11750801    79
78567    26/04/2024    9155175    46582367    50    8503142    69200503    49    8485049    61212473    4    1201226    34460612    91    4027146    88080249    43
83927    27/04/2024    4740186    65830353    3    7844795    14500753    36
32198    7/05/2024    9229584    92240876    68    8474070    34460612    48    3188819    33583840    9    8257170    37751890    97    2716076    33958767    37    9668271    65830353    79
99377    27/04/2024    8503142    96056368    20    3178415    47659552    23    7456557    87804471    43    9674183    65830353    4    3655161    96056368    4    6398790    42302422    39
99377    30/04/2024    6016246    81462164    99    6433360    81082011    58    3484892    21344013    90    9826915    14268463    46    4819495    57431952    4
78567    4/05/2024    3188819    42302422    15    2716076    47659552    6    3252757    86898639    4    9846839    33958767    37    1082119    69200503    95    4038138    79743481    90    4540333    37328103    29    6082920    35030611    83
83927    9/05/2024    9876838    47659552    10    3229372    33583840    10    4038138    83265244    80
15651    26/04/2024    6082920    34460612    92    4406546    14268463    22    6843266    47659552    90    3777198    20449598    23    6611581    83265244    89
99377    3/05/2024    1507446    96056368    24    5548751    81462164    99    6794639    42302422    18    1707176    83265244    79    8877975    32231860    60    5418064    47659552    85
78567    28/04/2024    1374747    47659552    1    3777995    33583840    29    3879435    45834351    90    8418965    87804471    78    7939165    88080249    92    3166954    58717040    56    9382294    17750908    55    2853314    47659552    58
32198    26/04/2024    3320950    37751890    55    5055846    42302422    13    3491734    69200503    42    7451235    69200503    52    6519910    38724322    42    3492262    42302422    88
15651    3/05/2024    3284998    35030611    44    3178415    37751890    57    9674183    72832218    84
15651    8/05/2024    4711164    33583840    38    5972321    58717040    7    3590775    17750908    44    3166954    48053960    69
83927    2/05/2024    3879435    49516360    72    3363677    92240876    92    7383155    21344013    87    3200685    88080249    97
32198    27/04/2024    3320950    37751890    8    6469575    42302422    49    3487258    49516360    63    4361256    85870289    24    9876838    65071478    26
32198    9/05/2024    7460845    38724322    38    4819495    46582367    87    5050577    65830353    91    3908255    86898639    7
83927    3/05/2024    4869966    11750801    28    7538192    11750801    10    1082119    66747161    33    3879435    51235238    64    7079379    11750801    93
32198    2/05/2024    2486634    15129661    27    8658691    45181396    13    6048143    51235238    4    9736079    14268463    74    3440289    27109544    63    8797021    46582367    90
32198    8/05/2024    1468655    34460612    13    3786090    87804471    50    4438547    57431952    89    6038555    49516360    22    5330235    58717040    92
15651    28/04/2024    6843266    88080249    72    8877975    42302422    42    8485049    57431952    18    5064095    38724322    6
78567    8/05/2024    9846839    34460612    93    4711164    38724322    100    2057527    67066631    14    3229372    37751890    36    8432628    65830353    29    7843594    34460612    22    5418064    14268463    87    4369740    45002711    35
99377    26/04/2024    3359579    21344013    20    5286470    87804471    73    8332754    37751890    1    2905443    66747161    10
83927    25/04/2024    4877016    45834351    71    9973090    92240876    4    6452993    88080249    58    3188819    37751890    40    5434236    65830353    56    7922730    76693511    89    2806687    83265244    22
83927    8/05/2024    9773213    27109544    3    3908255    15129661    60    3120233    11750801    5
32198    25/04/2024    2057527    20610190    88    8503142    81082011    59    7544133    65830353    5    5972321    87804471    58    2994712    21344013    53    6458346    66747161    92
78567    7/05/2024    6399882    54393647    90    1813961    47659552    91    5914253    21344013    75    4027146    72832218    76    4138812    14500753    46    4681316    49516360    49    8783429    65071478    70    5868565    14268463    33
15651    25/04/2024    8155598    17750908    39    1219053    36699613    2    9846839    11750801    9    7172923    65071478    60    2297411    54393647    61    3051762    37751890    65    6233432    92240876    51
99377    9/05/2024    3221133    67066631    100    9155175    69200503    14    2185879    81082011    10    3590775    83265244    13    6016246    47659552    95    4215125    14500753    24
78567    6/05/2024    7091764    65830353    73    2317078    92240876    24    1082119    11750801    22    1781150    81462164    92
78567    29/04/2024    6611581    27109544    32    3491734    66747161    47    3818992    21344013    3    2951872    11750801    98    2327760    57431952    34    7922730    50860318    57
32198    29/04/2024    3879435    48053960    19    3363677    72832218    34    7451235    86898639    95    8470721    17750908    63
78567    2/05/2024    8180415    37751890    62    8699055    14268463    22    4605687    33958767    62
15651    6/05/2024    5330235    65830353    60    1861533    54393647    23    6680857    57431952    12
83927    7/05/2024    3777995    67066631    75    2905443    81082011    51
99377    28/04/2024    6424830    66747161    98    6398790    33958767    43    1707176    88080249    20    4406546    14500753    50    9755984    63602514    2
78567    27/04/2024    3619385    60740809    29    7366581    69200503    10    4540333    81462164    63    2780974    83265244    53    8077420    63602514    8    4858724    58717040    52
15651    30/04/2024    4027146    48053960    87    7847549    33583840    84    6611581    27109544    65
83927    28/04/2024    3804376    86898639    78    2185879    87804471    85    7460845    49516360    47    5064095    37751890    32    3065068    38724322    41
83927    5/05/2024    7734088    81082011    67    3492262    63602514    33    2702657    57431952    93    6048143    42302422    44    3128754    37328103    32
99377    4/05/2024    3221133    37328103    60    6742628    14500753    90    6663648    20449598    8    1813961    37328103    31    6808469    37751890    56    8155598    57431952    37    3252757    57431952    84    3188819    65071478    16
78567    30/04/2024    4681316    34460612    73    8877975    65071478    10    8432628    86898639    7    8699055    65071478    58    6469575    17750908    49    5600977    83265244    82
15651    7/05/2024    1781150    27109544    67    5064095    17750908    91    1396683    17750908    57    9382294    69200503    8
83927    4/05/2024    4681316    14500753    57    6433360    65830353    78    3879435    21344013    54    6695847    14268463    12    3128754    42302422    43
83927    26/04/2024    7091764    81462164    25    9425447    17750908    23    3983816    57431952    1
15651    2/05/2024    8257170    33583840    74    6399882    45181396    9    2780974    21344013    58    4869966    69200503    47    9229584    15129661    81    6233432    65830353    53    8474070    45181396    3    1020150    60740809    11
83927    29/04/2024    1370751    21344013    5    3487258    81462164    62
15651    4/05/2024    6519910    76693511    78    9336327    85870289    7    9578643    81082011    17    6964049    38724322    27    9779259    92240876    11    5286470    42302422    34    9668271    72832218    75

